213 213
213 214
213 215
213 216
213 217
213 218
213 219
213 220
213 221
213 222
213 223
213 224
213 225
213 226
213 227
213 228
213 229
213 230
213 231
213 232
213 233
213 234
213 235
213 236
213 237
213 238
213 239
213 240
213 241
213 242
213 243
213 244
213 245
213 246
213 247
213 248
213 249
213 250
213 251
213 252
213 253
213 254
213 255
213 256
213 257
213 258
213 259
213 260
213 261
213 262
213 263
213 264
213 265
213 266
213 267
213 268
213 269
213 270
213 271
213 272
213 273
213 274
213 275
213 276
213 277
213 278
213 279
213 280
213 281
213 282
213 283
213 284
213 285
213 286
213 287
213 288
213 289
213 290
213 291
213 292
213 293
213 294
213 295
213 296
213 297
213 298
213 299
213 300
213 301
213 302
213 303
213 304
213 305
213 306
213 307
213 308
213 309
213 310
213 311
213 312
213 313
213 314
213 315
213 316
213 317
213 318
213 319
213 320
213 321
213 322
213 323
213 324
213 325
213 326
213 327
213 328
213 329
213 330
213 331
213 332
213 333
213 334
213 335
213 336
213 337
213 338
213 339
213 340
213 341
213 342
213 343
213 344
213 345
213 346
213 347
213 348
213 349
213 350
213 351
213 352
213 353
213 354
213 355
213 356
213 357
213 358
213 359
213 360
213 361
213 362
213 363
213 364
213 365
213 366
213 367
213 368
213 369
213 370
213 371
213 372
213 373
213 374
213 375
213 376
213 377
213 378
213 379
213 380
213 381
213 382
213 383
213 384
213 385
213 386
213 387
213 388
213 389
213 390
213 391
213 392
213 393
213 394
213 395
213 396
213 397
213 398
213 399
213 400
213 401
213 402
213 403
213 404
213 405
213 406
213 407
213 408
213 409
213 410
213 411
213 412
213 413
213 414
213 415
213 416
213 417
213 418
213 419
213 420
213 421
213 422
213 423
213 424
213 425
213 426
213 427
213 428
213 429
213 430
213 431
213 432
213 433
213 434
213 435
213 436
213 437
213 438
213 439
213 440
213 441
213 442
213 443
213 444
213 445
213 446
213 447
213 448
213 449
213 450
213 451
213 452
213 453
213 454
213 455
213 456
213 457
213 458
213 459
213 460
213 461
213 462
213 463
213 464
213 465
213 466
213 467
213 468
213 469
213 470
213 471
213 472
213 473
213 474
213 475
213 476
213 477
213 478
213 479
213 480
213 481
213 482
213 483
213 484
213 485
213 486
213 487
213 488
213 489
213 490
213 491
213 492
213 493
213 494
213 495
213 496
213 497
213 498
213 499
213 500
471 471
471 472
471 473
471 474
471 475
471 476
471 477
471 478
471 479
471 480
471 481
471 482
471 483
471 484
471 485
471 486
471 487
471 488
471 489
471 490
471 491
471 492
471 493
471 494
471 495
471 496
471 497
471 498
471 499
471 500
479 479
479 480
479 481
479 482
479 483
479 484
479 485
479 486
479 487
479 488
479 489
479 490
479 491
479 492
479 493
479 494
479 495
479 496
479 497
479 498
479 499
479 500
488 488
488 489
488 490
488 491
488 492
488 493
488 494
488 495
488 496
488 497
488 498
488 499
488 500
499 499
499 500
500 500
0 0
